% Synthetic poses


clc
clear
% 
% Rcm = [-0.00807289,     0.99985,  -0.0152963;
%         -0.999341, -0.00860837,  -0.0352705 ;
%        -0.0353969,   0.0150015,    0.999261];
%    
% tcm = [-0.131446, -0.0310314, 1.63022]';

% Tcm = [Rcm,tcm;[0,0,0,1]];

Tcm1 = [
    -0.00807289     0.99985  -0.0152963   -0.131446
  -0.999341 -0.00860837  -0.0352705  -0.0310314
 -0.0353969   0.0150015    0.999261     1.63022
 0,0,0,1 ];

Tcm2 = [ -0.0118214    0.999894 -0.00854065   -0.117591
  -0.997641  -0.0123716  -0.0675224  -0.0148853
 -0.0676209  0.00772229    0.997681    0.855386
 0,0,0,1 ];

% fake poses
% computed as follows:
% Rcp = eval(Rypr) and traslation is arbitary


% alfa =  40  *pi/180;
% beta  =   -15*pi/180;
% gamma =  70*pi/180;
Tcm3 = [
    0.7399    0.0335   -0.6718    1.0000
   -0.6209    0.4183   -0.6629    0.3000
    0.2588    0.9077    0.3304    4.7000
    0,0,0,1
    ];


% alfa =  19  *pi/180;
% beta  =   -35*pi/180;
% gamma = 0*pi/180;
Tcm4 = [
     0.7745   -0.3256   -0.5423 -0.11
    0.2667    0.9455   -0.1867 -0.028
    0.5736         0    0.8192 -4
    0,0,0,1
    ];

% alfa =  0  *pi/180;
% beta  =   3*pi/180;
% gamma = 19*pi/180;
Tcm5 = [
    0.9986    0.0170    0.0495 1.0012
         0    0.9455   -0.3256 0.0003
   -0.0523    0.3251    0.9442 3.7851
   0,0,0,1
];

% Tcm6 first version
% alfa =  40*pi/180;
% % beta  =   -9.76*pi/180;
% % gamma = -7.6*pi/180;
Tcm6 = [
    0.7550   -0.6200   -0.2137 1.6749
    0.6335    0.7737   -0.0067 -5.0011
    0.1695   -0.1303    0.9769 3.0
    0,0,0,1
    ];

% alfa =  -15  *pi/180;
% beta  =   -15*pi/180;
% gamma =  1*pi/180;
Tcm7 = [
    0.9330   -0.2544    0.2545 -1.357
    0.2500    0.9669    0.0501 1.74
   -0.2588    0.0169    0.9658 3.73
    0,0,0,1
    ];
   

% alfa =  50  *pi/180;
% beta  =   33*pi/180;
% gamma = 8*pi/180;
Tcm8 = [
    0.5391   -0.7099    0.4533 5.2434
    0.6425    0.6946    0.3237 -3.74
   -0.5446    0.1167    0.8305 0.0075
    0,0,0,1
    ];

% alfa =  -50  *pi/180;
% beta  =   -3*pi/180;
% gamma = 80*pi/180;
Tcm9 = [
    0.6419    0.0999   -0.7602 -5.6738
   -0.7650    0.1511   -0.6261 -0.00001
    0.0523    0.9835    0.1734 3.974
    0,0,0,1
];

% alfa =  2*pi/180;
% % beta  =   -7*pi/180;
% % gamma = -18*pi/180;
Tcm10 = [
    0.9919    0.0044   -0.1266 -0.97
    0.0346    0.9518    0.3048 1.45
    0.1219   -0.3067    0.9440 6.7257
    0,0,0,1

    ];
     

% alfa =  21*pi/180;
% beta  =   26*pi/180;
% gamma = -12*pi/180;
Tcm11 = [
   0.8391   -0.4356    0.3258  -3.43347
    0.3221    0.8805    0.3478 6.001
   -0.4384   -0.1869    0.8792 1.111
   0,0,0,1
];

% alfa =  0.5*pi/180;
% % beta  =   -22*pi/180;
% % gamma = -0.5*pi/180;
Tcm12 = [
    0.9271   -0.0055   -0.3747 -20.4521
    0.0081    1.0000    0.0055  10.0032
    0.3746   -0.0081    0.9271  3.57988
    0,0,0,1
    ];
     
% alfa =  35*pi/180;
% beta  =   -22.5*pi/180;
% gamma =  7*pi/180;
Tcm13 = [
   
    0.7568   -0.6075   -0.2412 0.744
    0.5299    0.7863   -0.3177 -0.1277
    0.3827    0.1126    0.9170 6.767
    0,0,0,1
    ];


% alfa =  -45*pi/180;
% beta  =   -60*pi/180;
% gamma = -3*pi/180;
Tcm14 = [
    0.3536    0.7382   -0.5745 5.008
   -0.3536    0.6741    0.6485 -1.717
    0.8660   -0.0262    0.4993 -14.44
    0,0,0,1

    ];

% alfa =  45*pi/180;
% beta  =   -3*pi/180;
% gamma = -60*pi/180;
Tcm15 = [
    0.7061   -0.3215   -0.6309 3.73
    0.7061    0.3856    0.5939 -5.74
    0.0523   -0.8648    0.4993 -25.75
    0,0,0,1
];

% alfa =  -0.5*pi/180;
% % beta  =   4.5*pi/180;
% % gamma = -2*pi/180;
Tcm16 = [
    0.9969    0.0060    0.0787 0.0076
   -0.0087    0.9994    0.0342 -0.1001
   -0.0785   -0.0348    0.9963 1.101
   0,0,0,1
    ];
     

% alfa =  5*pi/180;
% beta  =   27*pi/180;
% gamma = 29*pi/180;
Tcm17 = [
    0.8876    0.1430    0.4378 1.71
    0.0777    0.8905   -0.4484 -1.001
   -0.4540    0.4320    0.7793 0.981
    0,0,0,1

];

% alfa =  -39*pi/180;
% beta  =   19*pi/180;
% gamma = -56*pi/180;
Tcm18 = [
    0.7348    0.1422    0.6632 12.31
   -0.5950    0.6044    0.5297 -4.5007
   -0.3256   -0.7839    0.5287 7.1101
    0,0,0,1
];

% Tcm6 first version
% alfa =  7*pi/180;
% beta  =   -2*pi/180;
% gamma = 7.6*pi/180;
Tcm19 = [
    0.9919   -0.1254   -0.0182 0.0001
    0.1218    0.9833   -0.1355 -0.08
    0.0349    0.1322    0.9906 -1.2345
    0,0,0,1
    ];
     

% alfa =  27*pi/180;
% beta  =   -13*pi/180;
% gamma = 15*pi/180;
Tcm20 = [
    0.8682   -0.4904   -0.0761 5.781
    0.4424    0.8342   -0.3293 30.765
    0.2250    0.2522    0.9412 2.987
    0,0,0,1
];

% alfa =  -27*pi/180;
% beta  =   1.3*pi/180;
% gamma = 15*pi/180;
Tcm21 = [
    0.8908    0.4438   -0.0980  15.07985
   -0.4539    0.8580   -0.2406  1.0059
   -0.0227    0.2588    0.9657 -3.3356
    0,0,0,1
];

% alfa =  9*pi/180;
% beta  =   60.3*pi/180;
% gamma = 0.1*pi/180;
Tcm22 = [
    0.4894   -0.1549    0.8582 0.762
    0.0775    0.9879    0.1342 -23.78
   -0.8686    0.0009    0.4955 0.21
    0,0,0,1
];

% alfa =  0.9*pi/180;
% beta  =   -60.3*pi/180;
% gamma = 0.2*pi/180;
Tcm23 = [
    0.4954   -0.0187   -0.8685 9.0579
    0.0078    0.9998   -0.0171 16.92
    0.8686    0.0017    0.4955 -2.1
    0,0,0,1
];

% alfa =  9*pi/180;
% beta  =   60.3*pi/180;
% gamma = 0.1*pi/180;
Tcm24 = [
    0.4894   -0.1549    0.8582 -1.71
    0.0775    0.9879    0.1342 3.230
   -0.8686    0.0009    0.4955 -15.23
    0,0,0,1
];
% alfa =  15*pi/180;
% beta  =   6.3*pi/180;
% gamma = -10*pi/180;
Tcm25 = [
    0.9601   -0.2733    0.0594  -2.012
    0.2573    0.9463    0.1957  -1.5761
   -0.1097   -0.1726    0.9789  -3.7311

    0,0,0,1
];
% alfa =  1.134*pi/180;
% beta  =   -6.3*pi/180;
% gamma = 70.892*pi/180;
Tcm26 = [
    0.9938   -0.1101   -0.0172 -12.0182
    0.0197    0.3252   -0.9454 7.218
    0.1097    0.9392    0.3254 0.978
    0,0,0,1
];
% alfa =  90*pi/180;
% beta  =   0.63*pi/180;
% gamma = 12*pi/180;
Tcm27 = [
    0.0000   -0.9781    0.2079 1.021
    0.9999    0.0023    0.0108 -4.943
   -0.0110    0.2079    0.9781 3.231
    0,0,0,1
];
% alfa =  5.2*pi/180;
% beta  =   16.8*pi/180;
% gamma = 17.723*pi/180;
Tcm28 = [
    0.9534    0.0013    0.3018 5.121
    0.0868    0.9566   -0.2782 -12.8
   -0.2890    0.2914    0.9119 0.726
    0,0,0,1
];

% alfa =  -0.9*pi/180;
% beta  =   17.3*pi/180;
% gamma = 80*pi/180;
Tcm29 = [
    0.9546    0.2955    0.0362 -7.12
   -0.0150    0.1690   -0.9855 -5.27
   -0.2974    0.9403    0.1658  1.012
    0,0,0,1
];

% alfa =  18.021*pi/180;
% beta  =   3.12*pi/180;
% gamma = 90*pi/180;
Tcm30 = [
    0.9495    0.0518    0.3094 6.098
    0.3089    0.0168   -0.9509 0.9286
   -0.0544    0.9985    0.0000 21.0128
    0,0,0,1
];


%% Then it launches the simulation script
simulatedProjectionandCamera
