clear all
close all
clc

% Vector of poses Tcam mark - dataset
Tcm1 = [   -0.0562949  0.977146      0.204981    0.212278
           -0.96849   -0.00355682   -0.249026   -0.0237924
           -0.242605   -0.212541      0.946556    1.15649
           0 0 0 1];

Tcm2 = [ -0.00710185     0.978933     0.204059     0.207497
   -0.999442 -0.000287369   -0.0334049    0.0726062
  -0.0326425    -0.204183     0.978388      1.12456 
  0 0 0 1];

Tcm3 = [
 0.0737648   0.978212   0.194062    0.15629
 -0.941653 0.00424019   0.336557  0.0300594
  0.328402  -0.207565   0.921449   0.946962
    0 0 0 1];


Tcm4 = [
   -0.0377448     0.977649      0.20683     0.154655
   -0.984161 -0.000492278    -0.177275   -0.0105293
   -0.173211    -0.210245     0.962182      0.92154
    0 0 0 1];

Tcm5 = [
-0.0595809    0.98189   0.179842   0.146002
 -0.947457 0.00109762  -0.319882 0.00666428
 -0.314286  -0.189451   0.930233     1.0187
0 0 0 1];


Tcm6 = [
   0.17454   0.958243   0.226507   0.171756
 -0.905743   0.246477  -0.344788 -0.0394162
  -0.38622  -0.144977   0.910942    1.23221
    0 0 0 1];
     
Tcm7 = [
0.0557882  0.957848  0.281806  0.153584
-0.679081   0.24331 -0.692567 0.0105278
 -0.73194 -0.152732   0.66403   1.17457
 0 0 0 1];

Tcm8 = [
   0.0559971    0.98073   0.187172   0.171509
 -0.924876 -0.0196692   0.379761 -0.0236703
  0.376124  -0.194376   0.905952    1.18979
  0 0 0 1];

Tcm9 = [
0.0984842  0.980299  0.171217  0.162149
-0.906727 0.0175001  0.421355 0.0402211
 0.410057 -0.196744  0.890587   1.13964
    0 0 0 1];


Tcm10 = [
 0.0531382   0.980425   0.189588   0.186154
 -0.919485 -0.0260178   0.392264  0.0146419
  0.389518  -0.195167   0.900103    1.28103
    0 0 0 1];


Tcm11 = [
 0.0689873   0.983501   0.167232   0.282362
 -0.873177 -0.0215471   0.486927 -0.0421618
  0.482497  -0.179615   0.857284    1.93431
0 0 0 1];


Tcm12 = [
   0.016722    0.986273    0.164272    0.233731
  -0.987285 -0.00968769    0.158664  0.00295614
   0.158077   -0.164837    0.973571     1.60141
    0 0 0 1];

Tcm13 = [
-0.0303286   0.992036   0.122252   0.350149
 -0.998659 -0.0249414 -0.0453582  0.0271617
-0.0419478  -0.123464   0.991462    1.86285    
0 0 0 1];


Tcm14 = [
-0.0288783    0.99216   0.121593   0.351758
 -0.999093 -0.0248421 -0.0345812  0.0515728
-0.0312894  -0.122481   0.991978    1.87717    
0 0 0 1];


Tcm15 = [
-0.0303244   0.992268   0.120349    0.35323
 -0.998636 -0.0249579  -0.045851  0.0261522
-0.0424928  -0.121575   0.991672    1.87799    
0 0 0 1];


Tcm16 = [
-0.0313066   0.992553   0.117719   0.352126
 -0.998261 -0.0251646 -0.0533047 0.00445555
-0.0499454  -0.119183   0.991615    1.87864    
0 0 0 1];


Tcm17 = [
-0.0335547   0.992453   0.117941   0.352116
 -0.997522 -0.0259551 -0.0653913 -0.0200709
-0.0618367  -0.119843   0.990865    1.87734    
0 0 0 1];


Tcm18 = [
-0.0361169   0.990725   0.130992   0.374773
 -0.997264   -0.02727 -0.0687138 -0.0192492
-0.0645043  -0.133116   0.988999    1.87545    
0 0 0 1];


Tcm19 = [
 -0.033013   0.991546   0.125487   0.375082
 -0.998186 -0.0263857 -0.0541132 0.00332507
-0.0503446  -0.127046   0.990618    1.87734    
0 0 0 1];


Tcm20 = [
-0.0313677   0.990626   0.132949   0.377801
 -0.998608 -0.0254183 -0.0462133   0.026664
-0.0424008  -0.134214   0.990045     1.8778    
0 0 0 1];


Tcm21 = [
-0.029546   0.990428   0.134828    0.37836
 -0.999057 -0.0249673 -0.0355259  0.0505424
-0.0318195   -0.13575   0.990232    1.87922    
0 0 0 1];


Tcm22 = [
-0.137783   0.986234  0.0914278   0.395461
-0.688621 -0.0290373  -0.724539 0.00332701
-0.71191  -0.162789   0.683142    1.99042    
0 0 0 1];


Tcm23 = [
 -0.138967   0.986433  0.0874008   0.396295
 -0.681599 -0.0312485  -0.731058 -0.0137213
 -0.718409  -0.161165   0.676694    1.99257    
0 0 0 1];


Tcm24 = [
 -0.130789    0.98807  0.0813148   0.370306
 -0.682133 -0.0301666  -0.730606 -0.0127041
 -0.719436  -0.151023    0.67794    1.98852    
0 0 0 1];


Tcm25 = [
 -0.131333    0.98791  0.0823736   0.369645
 -0.687198 -0.0308363  -0.725815 0.00185626
   -0.7145   -0.15193    0.68294    1.99298    
0 0 0 1];


Tcm26 = [
 -0.128559   0.988203  0.0832322   0.371153
 -0.695366 -0.0299862   -0.71803  0.0212043
 -0.707063  -0.150186   0.691018    1.99234    
0 0 0 1];


Tcm27 = [
 0.0549143    0.98553   0.160362   0.423175
 -0.869467 -0.0317669   0.492969 -0.0351241
   0.49093    -0.1665   0.855141    2.22013    
0 0 0 1];


Tcm28 = [
 0.0492723   0.988049   0.146056   0.396992
 -0.869874 -0.0294084   0.492397 -0.0356345
  0.490808  -0.151312   0.858028    2.22316    
0 0 0 1];


Tcm29 = [
   0.05103     0.9874    0.14979   0.400165
 -0.866739 -0.0307252   0.497814 -0.0138223
  0.496144  -0.155233   0.854251    2.22533    
0 0 0 1];


Tcm30 = [
 0.0551769   0.985707   0.159174   0.423545
 -0.865607 -0.0322361   0.499686 -0.0162552
  0.497675  -0.165353   0.851456    2.22069    
0 0 0 1];


Tcm31 = [
 0.0556308   0.985667   0.159267   0.425631
 -0.862745 -0.0328373   0.504572 0.00371406
   0.50257  -0.165477   0.848552    2.22418    
0 0 0 1];


Tcm32 = [
 0.0520857   0.986826   0.153174   0.399819
 -0.862666 -0.0328078   0.504708 0.00578524
  0.503084  -0.158426   0.849593    2.22417    
0 0 0 1];


Tcm33 = [
 0.0555771   0.987251   0.149156   0.402849
 -0.857174 -0.0294298   0.514186  0.0251304
   0.51202  -0.156429    0.84461    2.22588    
0 0 0 1];


Tcm34 = [
  0.866854   0.343811  -0.361051   0.372966
 -0.331972   0.938341  0.0964979 -0.0689988
  0.371966  0.0362092    0.92754    2.20707    
0 0 0 1];


Tcm35 = [
  0.888559   0.312819   -0.33557   0.419974
 -0.304262   0.949285  0.0792677 -0.0580078
  0.343348   0.031667   0.938674     2.1962    
  0 0 0 1];


Tcm36 = [
  0.869145   0.347437  -0.351958   0.361431
 -0.331877   0.937373   0.105778 -0.0384218
  0.366668  0.0248705    0.93002    2.20085    
  0 0 0 1];


Tcm37 = [
   0.846423    0.40944  -0.340481   0.353189
 -0.389269   0.912039   0.129051 -0.0567987
  0.363371  0.0233068   0.931353    2.20216   
  0 0 0 1];


Tcm38 = [
  0.861509  0.384923 -0.331113  0.398592
-0.366467  0.922761  0.119226 -0.049729
 0.351431 0.0186274  0.936028   2.19928   
0 0 0 1];


Tcm39 = [
  0.841933   0.437003  -0.316508   0.404379
 -0.417469   0.899195   0.131026 -0.0778396
  0.341861  0.0218173   0.939497     2.1942    
0 0 0 1];


Tcm40 = [
  -0.74547  0.0220463   0.666175   0.503624
-0.00358014  -0.999571  0.0290734 0.00135036
   0.66653  0.0192883   0.745229    2.19958    
0 0 0 1];


Tcm41 = [
  -0.746968  -0.116405   0.654591   0.494668
  0.110146  -0.992615 -0.0508248 -0.0294492
  0.655673   0.034136   0.754273    2.23328   
0 0 0 1];


Tcm42 = [
 -0.752564  -0.109485   0.649354   0.474655
  0.104411  -0.993447 -0.0464955 -0.0270177
  0.650189  0.0328088   0.759064    2.23437    
0 0 0 1];


Tcm43 = [
  -0.736186 -0.0944779   0.670152     0.5338
 0.0870395  -0.995202 -0.0446873 -0.0329191
  0.671159  0.0254315   0.740877    2.22858   
0 0 0 1];


Tcm44 = [
  -0.737718   -0.06565   0.671909   0.536805
 0.0691817  -0.997373 -0.0214924 -0.0114428
  0.671554  0.0306285   0.740322    2.23609   
0 0 0 1];


Tcm45 = [
   -0.754063  0.00811705    0.656752    0.494275
 0.00676347   -0.999775   0.0201222 -0.00351587
   0.656768   0.0196153    0.753838     2.24348   
0 0 0 1];


Tcm46 = [
 -0.0210454   0.846302   0.532288   0.371046
 -0.997165  0.0206995 -0.0723363  0.0433865
-0.0722364  -0.532302   0.843467     2.0769   
0 0 0 1];


Tcm47 = [
-0.0196578   0.838884   0.543955   0.395212
 -0.998639 0.00981123 -0.0512203  0.0933405
-0.0483048  -0.544221    0.83755    2.07925    
0 0 0 1];


Tcm48 = [
 -0.0173176  0.837965  0.545449  0.394281
-0.997518 0.0227592 -0.066635 0.0463858
-0.0682518 -0.545249  0.835491   2.07904   
0 0 0 1];


Tcm49 = [
-0.0196392   0.838965   0.543831   0.394498
  -0.99651  0.0277135 -0.0787403  0.0222728
-0.0811318  -0.543479   0.835493    2.08041    
0 0 0 1];


Tcm50 = [
-0.0150284   0.843037   0.537645   0.373506
 -0.997286  0.0261232 -0.0688381  0.0442372
-0.0720781   -0.53722   0.840356    2.08216    
0 0 0 1];


P_M1 = [  0.0240  0.1180   0.0720  0.0240  0.0480   0.0240  0.0960  0.024    0.096    0.072   0.0480   0.072  0.072  0.096  0.072   0.0480  0.0240  0.0240  0.0480  0.0720  0.0960  0.0720
         0          0      0.0240  0.0240  0.0480   0.0480  0.0480  0.048    0.048    0.072   0.0480   0.072  0.048  0.048  0.048   0.0480  0.0480  0.0240  0.0240  0.0240  0.0240  0.0240
         0          0       0       0        0        0       0      0      0           0      0        0     0       0     0       0       0       0       0       0       0       0    
         1          1       1       1        1        1       1      1      1           1      1        1     1       1     1       1       1       1       1       1       1       1    ];
P_M2 = [ 0.0480     0.0480  0.0720   0.0960   0.0240  0.0240  0.0480  0.0480  0.0720   0.0720  0.0960  0.0720   0.0240  0.0960   0.0960    0.0480  0.0240  0.0720  0.0480  0.0240  0.0960  0.0960
         0.0240     0.0480  0.0480   0.0480   0.0240  0.0480  0.0480  0.0240  0.0240   0.0480  0.0480  0.0480   0.0240  0.0240   0.0480    0.0240  0.0480  0.0480  0.0240  0.0240  0.0240  0.0480
           0          0       0       0        0        0       0      0       0         0      0        0       0       0          0       0       0       0       0       0       0       0    
           1          1       1       1        1        1       1      1       1         1      1        1       1       1          1       1       1       1       1       1       1       1    ];
P_M3 = [  0.0480    0.0480  0.0960  0.0480    0.0240   0.0480
          0.0480    0.0480  0.0240  0.0240    0.0240   0.0480
           0          0       0       0        0        0    
           1          1       1       1        1        1     ];

P_M = [P_M1, P_M2, P_M3 ];     
%Tcm_array = [Tcm1,  Tcm2,  Tcm3,  Tcm4,  Tcm5,  Tcm6,   Tcm7,   Tcm8,  Tcm9,  Tcm10, Tcm11, Tcm12 , Tcm13, Tcm14, Tcm15, Tcm16];
Tcm_array = [Tcm1,  Tcm2,  Tcm3,  Tcm4,  Tcm5,  Tcm6,   Tcm7,   Tcm8,  Tcm9,  Tcm10, Tcm11, Tcm12 , Tcm13, Tcm14, Tcm15, Tcm16,  Tcm17,  Tcm18, Tcm19, Tcm20,Tcm21, Tcm22, Tcm23, Tcm24, Tcm25, Tcm26, Tcm27,  Tcm28, Tcm29, Tcm30, Tcm31, Tcm32, Tcm33, Tcm34, Tcm35, Tcm36,  Tcm37,  Tcm38, Tcm39, Tcm40, Tcm41, Tcm42, Tcm43, Tcm44, Tcm45, Tcm46,  Tcm47,  Tcm48, Tcm49, Tcm50];
% Tcm_array = [Tcm23, Tcm24, Tcm25, Tcm26, Tcm27,  Tcm28, Tcm29, Tcm30, Tcm31, Tcm32, Tcm33, Tcm34, Tcm35, Tcm36,  Tcm37,  Tcm38, Tcm39, Tcm40, Tcm41, Tcm42, Tcm43, Tcm44, Tcm45, Tcm46,  Tcm47,  Tcm48, Tcm49, Tcm50];


