pose 1 *(precision?)
-0.0303286   0.992036   0.122252   0.350149
 -0.998659 -0.0249414 -0.0453582  0.0271617
-0.0419478  -0.123464   0.991462    1.86285

x;y 7.2cm ; 4.8cm



pose 2
-0.0288783    0.99216   0.121593   0.351758
 -0.999093 -0.0248421 -0.0345812  0.0515728
-0.0312894  -0.122481   0.991978    1.87717

x;y 9.6cm;4.8cm



pose 3 *(precision?)
-0.0303244   0.992268   0.120349    0.35323
 -0.998636 -0.0249579  -0.045851  0.0261522
-0.0424928  -0.121575   0.991672    1.87799

x;y 7.2cm; 4.8cm (originally y=7.2?)



pose 4
-0.0313066   0.992553   0.117719   0.352126
 -0.998261 -0.0251646 -0.0533047 0.00445555
-0.0499454  -0.119183   0.991615    1.87864

x;y 4.8cm;4.8cm



pose 5
-0.0335547   0.992453   0.117941   0.352116
 -0.997522 -0.0259551 -0.0653913 -0.0200709
-0.0618367  -0.119843   0.990865    1.87734

x;y 2.4cm;4.8cm



pose 6
-0.0361169   0.990725   0.130992   0.374773
 -0.997264   -0.02727 -0.0687138 -0.0192492
-0.0645043  -0.133116   0.988999    1.87545

x;y 2.4cm;2.4cm



pose 7
 -0.033013   0.991546   0.125487   0.375082
 -0.998186 -0.0263857 -0.0541132 0.00332507
-0.0503446  -0.127046   0.990618    1.87734

x;y 4.8cm;2.4cm



pose 8
-0.0313677   0.990626   0.132949   0.377801
 -0.998608 -0.0254183 -0.0462133   0.026664
-0.0424008  -0.134214   0.990045     1.8778

x;y 7.2cm;2.4cm



pose 9
 -0.029546   0.990428   0.134828    0.37836
 -0.999057 -0.0249673 -0.0355259  0.0505424
-0.0318195   -0.13575   0.990232    1.87922

x;y 9.6cm;2.4cm



pose 10
 -0.137783   0.986234  0.0914278   0.395461
 -0.688621 -0.0290373  -0.724539 0.00332701
  -0.71191  -0.162789   0.683142    1.99042

x;y 7.2cm;2.4cm



pose 11
 -0.138967   0.986433  0.0874008   0.396295
 -0.681599 -0.0312485  -0.731058 -0.0137213
 -0.718409  -0.161165   0.676694    1.99257

x;y 4.8cm;2.4cm



pose 12
 -0.130789    0.98807  0.0813148   0.370306
 -0.682133 -0.0301666  -0.730606 -0.0127041
 -0.719436  -0.151023    0.67794    1.98852

x;y 4.8cm;4.8cm



pose 13
 -0.131333    0.98791  0.0823736   0.369645
 -0.687198 -0.0308363  -0.725815 0.00185626
   -0.7145   -0.15193    0.68294    1.99298

x;y 7.2cm;4.8cm



pose 14
 -0.128559   0.988203  0.0832322   0.371153
 -0.695366 -0.0299862   -0.71803  0.0212043
 -0.707063  -0.150186   0.691018    1.99234

x;y 9.6cm;4.8cm



pose 15
 0.0549143    0.98553   0.160362   0.423175
 -0.869467 -0.0317669   0.492969 -0.0351241
   0.49093    -0.1665   0.855141    2.22013

x;y 2.4cm;2.4cm



pose 16
 0.0492723   0.988049   0.146056   0.396992
 -0.869874 -0.0294084   0.492397 -0.0356345
  0.490808  -0.151312   0.858028    2.22316

x;y 2.4cm;4.8cm



pose 17
   0.05103     0.9874    0.14979   0.400165
 -0.866739 -0.0307252   0.497814 -0.0138223
  0.496144  -0.155233   0.854251    2.22533


x;y 4.8cm;4.8cm



pose 18
 0.0551769   0.985707   0.159174   0.423545
 -0.865607 -0.0322361   0.499686 -0.0162552
  0.497675  -0.165353   0.851456    2.22069


x;y 4.8cm;2.4cm



pose 19
 0.0556308   0.985667   0.159267   0.425631
 -0.862745 -0.0328373   0.504572 0.00371406
   0.50257  -0.165477   0.848552    2.22418

x;y 7.2cm;2.4cm



pose 20
 0.0520857   0.986826   0.153174   0.399819
 -0.862666 -0.0328078   0.504708 0.00578524
  0.503084  -0.158426   0.849593    2.22417

x;y 7.2cm;4.8cm



pose 21
 0.0555771   0.987251   0.149156   0.402849
 -0.857174 -0.0294298   0.514186  0.0251304
   0.51202  -0.156429    0.84461    2.22588

x;y 9.6cm;4.8cm



pose 22
  0.866854   0.343811  -0.361051   0.372966
 -0.331972   0.938341  0.0964979 -0.0689988
  0.371966  0.0362092    0.92754    2.20707

x;y 7.2cm;4.8cm



pose 23
  0.888559   0.312819   -0.33557   0.419974
 -0.304262   0.949285  0.0792677 -0.0580078
  0.343348   0.031667   0.938674     2.1962

x;y 2.4cm;2.4cm



pose 24
  0.869145   0.347437  -0.351958   0.361431
 -0.331877   0.937373   0.105778 -0.0384218
  0.366668  0.0248705    0.93002    2.20085

x;y 9.6cm;2.4cm



pose 25
  0.846423    0.40944  -0.340481   0.353189
 -0.389269   0.912039   0.129051 -0.0567987
  0.363371  0.0233068   0.931353    2.20216

x;y 9.6cm;4.8cm



pose 26
 0.861509  0.384923 -0.331113  0.398592
-0.366467  0.922761  0.119226 -0.049729
 0.351431 0.0186274  0.936028   2.19928

x;y 4.8cm;2.4cm



pose 27
  0.841933   0.437003  -0.316508   0.404379
 -0.417469   0.899195   0.131026 -0.0778396
  0.341861  0.0218173   0.939497     2.1942

x;y 2.4cm;4.8cm



pose 28
  -0.74547  0.0220463   0.666175   0.503624
-0.00358014  -0.999571  0.0290734 0.00135036
   0.66653  0.0192883   0.745229    2.19958

x;y 7.2cm;4.8cm



pose 29
 -0.746968  -0.116405   0.654591   0.494668
  0.110146  -0.992615 -0.0508248 -0.0294492
  0.655673   0.034136   0.754273    2.23328

x;y 4.8cm;2.4cm



pose 30
 -0.752564  -0.109485   0.649354   0.474655
  0.104411  -0.993447 -0.0464955 -0.0270177
  0.650189  0.0328088   0.759064    2.23437

x;y 2.4cm;2.4cm



pose 31
 -0.736186 -0.0944779   0.670152     0.5338
 0.0870395  -0.995202 -0.0446873 -0.0329191
  0.671159  0.0254315   0.740877    2.22858

x;y 9.6cm;2.4cm



pose 32
 -0.737718   -0.06565   0.671909   0.536805
 0.0691817  -0.997373 -0.0214924 -0.0114428
  0.671554  0.0306285   0.740322    2.23609

x;y 9.6cm;4.8cm



pose 33
  -0.754063  0.00811705    0.656752    0.494275
 0.00676347   -0.999775   0.0201222 -0.00351587
   0.656768   0.0196153    0.753838     2.24348

x;y 4.8cm;4.8cm



pose 34
-0.0210454   0.846302   0.532288   0.371046
 -0.997165  0.0206995 -0.0723363  0.0433865
-0.0722364  -0.532302   0.843467     2.0769

x;y 4.8cm;4.8cm



pose 35
-0.0196578   0.838884   0.543955   0.395212
 -0.998639 0.00981123 -0.0512203  0.0933405
-0.0483048  -0.544221    0.83755    2.07925

x;y 9.6cm;2.4cm

pose 36
-0.0173176  0.837965  0.545449  0.394281
-0.997518 0.0227592 -0.066635 0.0463858
-0.0682518 -0.545249  0.835491   2.07904
x 4.8cm;y 2.4cm

pose 37
-0.0196392   0.838965   0.543831   0.394498
  -0.99651  0.0277135 -0.0787403  0.0222728
-0.0811318  -0.543479   0.835493    2.08041
x 2.4cm; y 2.4cm

pose 38
-0.0150284   0.843037   0.537645   0.373506
 -0.997286  0.0261232 -0.0688381  0.0442372
-0.0720781   -0.53722   0.840356    2.08216

x 4.8cm; y 4.8 cm

