1. Pose matrix:
 -0.0562949    0.977146    0.204981    0.212278
   -0.96849 -0.00355682   -0.249026  -0.0237924
  -0.242605   -0.212541    0.946556     1.15649
1. Coords X=2.4cm, Y=0.0cm


2. pose matrix:
 -0.00710185     0.978933     0.204059     0.207497
   -0.999442 -0.000287369   -0.0334049    0.0726062
  -0.0326425    -0.204183     0.978388      1.12456
2. coords X=11.8cm, Y=0.0cm


3. pose matrix:
 0.0737648   0.978212   0.194062    0.15629
 -0.941653 0.00424019   0.336557  0.0300594
  0.328402  -0.207565   0.921449   0.946962
3. coords X=7.2cm, Y=2.4cm


4. pose matrix:
  -0.0377448     0.977649      0.20683     0.154655
   -0.984161 -0.000492278    -0.177275   -0.0105293
   -0.173211    -0.210245     0.962182      0.92154
4. coords X=2.4cm, Y=2.4cm


5. pose matrix:
-0.0595809    0.98189   0.179842   0.146002
 -0.947457 0.00109762  -0.319882 0.00666428
 -0.314286  -0.189451   0.930233     1.0187
5. coords X=4.8cm, Y=4.8cm


6. pose matrix:
   0.17454   0.958243   0.226507   0.171756
 -0.905743   0.246477  -0.344788 -0.0394162
  -0.38622  -0.144977   0.910942    1.23221
6. coords X=2.4cm, Y=4.8cm


7. pose matrix:
0.0557882  0.957848  0.281806  0.153584
-0.679081   0.24331 -0.692567 0.0105278
 -0.73194 -0.152732   0.66403   1.17457
7. coords X=9.6cm, Y=4.8cm


8. pose matrix:
 0.0559971    0.98073   0.187172   0.171509
 -0.924876 -0.0196692   0.379761 -0.0236703
  0.376124  -0.194376   0.905952    1.18979
8. coords X=2.4cm, Y=4.8cm


9. pose matrix:
0.0984842  0.980299  0.171217  0.162149
-0.906727 0.0175001  0.421355 0.0402211
 0.410057 -0.196744  0.890587   1.13964
9. coords X=9.6cm, Y=4.8cm


10. pose matrix:
 0.0531382   0.980425   0.189588   0.186154
 -0.919485 -0.0260178   0.392264  0.0146419
  0.389518  -0.195167   0.900103    1.28103
10. coords X=7.2cm, Y=7.2cm


11. pose matrix:
 0.0689873   0.983501   0.167232   0.282362
 -0.873177 -0.0215471   0.486927 -0.0421618
  0.482497  -0.179615   0.857284    1.93431
11. coords X=4.8cm, Y=4.8cm


12. pose matrix:
   0.016722    0.986273    0.164272    0.233731
  -0.987285 -0.00968769    0.158664  0.00295614
   0.158077   -0.164837    0.973571     1.60141
12. coords X=7.2cm, Y=7.2cm
